x=[5:5:100];