x=0:1000;